Dealer 100595076771625 1 7288 6481 1253 100595076775025 
DICK 2000 138 161 187 41 800000 
methisdope 1001 1 4 3 0 0 
zoo 2200 256 270 342 40 48000 
Zoo|THC 2700 64 55 70 10 0 
surreal -27000 1429 1392 1497 277 72000019224000 
uppity 1000 0 2 8 0 0 
Moon 748000 28 35 38 2 658000 
warc 1000 195 256 333 48 198000 
boaty 1000 462 425 474 92 29160000 
Angerf1st 1400 0 4 5 0 0 
Manele 0 12 10 15 5 0 
sirReal 0 128 103 128 32 1350000 
nicehszh 1000 0 6 7 0 0 
addsgirl 1000 0 1 1 0 0 
RtF 0 47 163 195 30 17000 
King_of_Ireland 9000 41 45 47 6 104000 
ChristianDabs 1000 0 0 0 1 0 
ILoveLife 1000 2 3 5 0 0 
TAYLOR_SWIFT 1000 8 7 13 2 1000 
Rainbow 2000 2 2 3 2 2000 
hiding 0 7 2 9 0 2000 
minx 200000 148 217 213 45 1944000 
RtMF 2000 0 1 0 0 2000 
RtF|meth|kratom 1000 1 14 13 3 8000 
TripityDudeGuy 16482832 432 1798 2035 335 9689511953 
kam 3398578198680 18 96 83 15 2799644549420 
kream -11198578197680 4 3 10 0 11198578197680 
SoCalRussian 904264149 0 1129 1238 207 1002264149 
TripityDudeGuyS 445 0 0 1 0 0 
Tripper896 1000 0 0 0 0 0 
herpington 1010 0 1 0 1 1010 
ButtMethMan 49001 0 13 6 0 59001 
LanaDelRey 850 0 1 3 2 1050 
Artemis 0 7 114 117 24 3721999 
BitNibbler -2000 3 2 4 0 2000 
Sparkly 1000 0 0 1 0 0 
ThatGirTho 5037794 0 19 28 8 5037794 
kamjack -150114374268 0 2 2 0 75057187138 
Tripper98244 1044 0 1 0 0 1044 
Argeal 123956 1 5 6 3 123956 
elk 1000 0 0 0 1 0 
LADYGAGA 1000 0 0 0 0 0 
Physical 1000 0 1 0 0 1000 
TrazzleDazzle 1000 1 1 3 1 1500 
RtF|LSD100ug|4aco-dm 0 4 33 30 8 24000 
hihihi 100201 0 1 3 0 1000 
ThatGirlTho 500 0 0 2 0 0 
walc 0 12 5 13 2 6000 
Temuuu 0 0 4 4 1 133309332 
Strangla 72457 9 5 12 0 9000 
mdmax -3000 39 41 44 6 216000 
warcles 2000 2 2 2 0 2000 
mdmaX 3000 27 18 27 3 15000 
SalmonCookie 1400 0 3 3 0 1400 
